0.1	0.999996
0.2	0.999939
0.3	0.999699
0.4	0.999077
0.5	0.997838
0.6	0.995748
0.7	0.992615
0.8	0.988333
0.9	0.982906
1	0.976452
1.1	0.969182
1.2	0.961369
1.3	0.953298
1.4	0.945243
1.5	0.937433
1.6	0.930046
1.7	0.923212
1.8	0.917008
1.9	0.911476
2	0.90663
2.1	0.90246
2.2	0.898943
2.3	0.896051
2.4	0.893741
2.5	0.891978
2.6	0.890722
2.7	0.889937
2.8	0.889587
2.9	0.889638
3	0.890061
3.1	0.890827
3.2	0.891911
3.3	0.89329
3.4	0.894943
3.5	0.896852
3.6	0.899
3.7	0.901371
3.8	0.903954
3.9	0.906735
4	0.909704
4.1	0.912853
4.2	0.916171
4.3	0.919651
4.4	0.923288
4.5	0.927074
4.6	0.931006
4.7	0.935077
4.8	0.939284
4.9	0.943623
5	0.948092
5.1	0.952687
5.2	0.957406
5.3	0.962247
5.4	0.967208
5.5	0.972288
5.6	0.977486
5.7	0.982799
5.8	0.988229
5.9	0.993773
6	0.999433
6.1	1.00521
6.2	1.01109
6.3	1.0171
6.4	1.02321
6.5	1.02945
6.6	1.0358
6.7	1.04226
6.8	1.04884
6.9	1.05553
7	1.06234
7.1	1.06927
7.2	1.07632
7.3	1.08348
7.4	1.09077
7.5	1.09818
7.6	1.1057
7.7	1.11335
7.8	1.12113
7.9	1.12902
8	1.13705
8.1	1.14519
8.2	1.15347
8.3	1.16187
8.4	1.1704
8.5	1.17905
8.6	1.18784
8.7	1.19676
8.8	1.20581
8.9	1.21498
9	1.2243
9.1	1.23374
9.2	1.24332
9.3	1.25303
9.4	1.26287
9.5	1.27285
9.6	1.28296
9.7	1.2932
9.8	1.30358
9.9	1.31409
10	1.32474
10.1	1.33552
10.2	1.34643
10.3	1.35747
10.4	1.36865
10.5	1.37996
10.6	1.3914
10.7	1.40297
10.8	1.41467
10.9	1.4265
11	1.43845
11.1	1.45053
11.2	1.46273
11.3	1.47506
11.4	1.48751
11.5	1.50007
11.6	1.51276
11.7	1.52556
11.8	1.53848
11.9	1.55151
12	1.56465
12.1	1.5779
12.2	1.59125
12.3	1.60473
12.4	1.61829
12.5	1.63195
12.6	1.6457
12.7	1.65955
12.8	1.67349
12.9	1.68752
13	1.70164
13.1	1.71583
13.2	1.73011
13.3	1.74447
13.4	1.7589
13.5	1.7734
13.6	1.78797
13.7	1.80261
13.8	1.81731
13.9	1.83207
14	1.84689
14.1	1.86176
14.2	1.87668
14.3	1.89165
14.4	1.90667
14.5	1.92172
14.6	1.93682
14.7	1.95196
14.8	1.96713
14.9	1.98234
15	1.99757
15.1	2.01283
15.2	2.02811
15.3	2.04342
15.4	2.05875
15.5	2.07409
15.6	2.08945
15.7	2.10482
15.8	2.12021
15.9	2.1356
16	2.151
16.1	2.1664
16.2	2.18181
16.3	2.19722
16.4	2.21263
16.5	2.22804
16.6	2.24345
16.7	2.25885
16.8	2.27425
16.9	2.28964
17	2.30502
17.1	2.32039
17.2	2.33576
17.3	2.35111
17.4	2.36645
17.5	2.38177
17.6	2.39709
17.7	2.41238
17.8	2.42767
17.9	2.44294
18	2.45819
18.1	2.47342
18.2	2.48864
18.3	2.50384
18.4	2.51902
18.5	2.53418
18.6	2.54932
18.7	2.56445
18.8	2.57955
18.9	2.59464
19	2.60972
19.1	2.62477
19.2	2.6398
19.3	2.65481
19.4	2.6698
19.5	2.68477
19.6	2.69972
19.7	2.71465
19.8	2.72956
19.9	2.74445
20	2.75932
20.1	2.77418
20.2	2.78901
20.3	2.80383
20.4	2.81862
20.5	2.8334
20.6	2.84816
20.7	2.86291
20.8	2.87763
20.9	2.89234
21	2.90703
21.1	2.9217
21.2	2.93636
21.3	2.951
21.4	2.96562
21.5	2.98023
21.6	2.99482
21.7	3.0094
21.8	3.02396
21.9	3.03851
22	3.05304
22.1	3.06756
22.2	3.08206
22.3	3.09655
22.4	3.11103
22.5	3.12549
22.6	3.13994
22.7	3.15438
22.8	3.16881
22.9	3.18322
23	3.19762
23.1	3.21201
23.2	3.22639
23.3	3.24076
23.4	3.25512
23.5	3.26946
23.6	3.2838
23.7	3.29813
23.8	3.31245
23.9	3.32675
24	3.34105
24.1	3.35534
24.2	3.36962
24.3	3.38389
24.4	3.39816
24.5	3.41241
24.6	3.42666
24.7	3.4409
24.8	3.45513
24.9	3.46935
25	3.48357
25.1	3.49778
25.2	3.51199
25.3	3.52618
25.4	3.54037
25.5	3.55456
25.6	3.56873
25.7	3.58291
25.8	3.59707
25.9	3.61123
26	3.62539
26.1	3.63954
26.2	3.65368
26.3	3.66782
26.4	3.68196
26.5	3.69609
26.6	3.71021
26.7	3.72433
26.8	3.73845
26.9	3.75256
27	3.76669
27.1	3.78079
27.2	3.7949
27.3	3.80899
27.4	3.82309
27.5	3.83718
27.6	3.85126
27.7	3.86535
27.8	3.87943
27.9	3.8935
28	3.90758
28.1	3.92165
28.2	3.93572
28.3	3.94978
28.4	3.96384
28.5	3.9779
28.6	3.99196
28.7	4.00601
28.8	4.02007
28.9	4.03412
29	4.04816
29.1	4.06221
29.2	4.07625
29.3	4.09029
29.4	4.10433
29.5	4.11837
29.6	4.13241
29.7	4.14644
29.8	4.16047
29.9	4.1745
